316
413
432
619
539
578
1146
1356
1516
1520
1599
1723
1766
1813
1940
2021
2032
2070
2083
2138
2155
2165
2185
2188
2203
2212
2288
2344
2405
2465
2541
2583
2604
2609
2706
2778
2790
2800
2871
2918
3036
3080
3105
3119
3121
3125
3164
3284
3315
3405
3501
3587
3593
3651
3661
3694
3748
3756
3772
3795
3807
3812
3826
3835
3857
3872
3892
3898
3918
3926
3945
3967
3977
4065
4069
4092
4103
4205
4213
4219
4225
4229
4270
4275
4299
4328
4332
4346
4392
4403
4435
4475
4487
4494
4508
4523
4534
4546
4585
4624
4674
4699
4712
4740
4769
5051
5100
5104
5143
5208
5229
5239
5265
5268
5279
5282
5301
5329
5338
5350
5361
5366
5377
5409
5421
5441
5468
5472
5530
5563
5584
5596
5627
5628
5639
5642
5647
5654
5665
5675
5677
5681
5690
5717
5752
5775
5781
5782
5842
5857
5873
5884
5901
5937
5941
5981
6008
6027
6045
6055
6059
6073
6083
6094
6116
6123
6131
6150
6196
6214
6233
6252
6271
6325
6344
6399
6409
6411
6450
6451
6455
6466
6495
6545
6564
6565
6593
6611
6616
6666
6671
6690
6722
6746
6747
6748
6749
6753
6755
6758
6772
6776
6803
6805
6812
6824
6836
6838
6880
6903
6905
6914
6919
6928
6939
6953
6967
6977
6990
6991
6993
7033
7045
7108
7131
7156
7204
7224
7225
7292
7312
7322
7328
7332
7340
7342
7346
7347
7375
7376
7432
7450
7451
7458
7474
7499
7501
7508
7512
7550
7565
7568
7613
7649
7657
7665
7671
7679
7691
7710
7719
7747
7748
7755
7774
7784
7790
7803
7813
7851
7854
7862
7875
7910
7914
7924
7933
7955
7964
7964
7965
8013
8014
8015
8056
8057
8063
8064
8073
8076
8126
8138
8140
8144
8192
8204
8247
8256
8259
8283
8295
8307
8311
8332
8336
8351
8356
8360
8361
8362
8381
8386
8397
8402
8403
8413
8423
8424
8443
8446
8447
8464
8486
8490
8504
8505
8509
8529
8537
8538
8555
8557
8583
8590
8604
8615
8647
8656
8668
8678
8703
8713
8722
8749
8757
8767
8774
8776
8795
8796
8805
8819
8823
8848
8873
8876
8925
8934
8936
8969
8976
8989
9006
9016
9031
9043
9053
9059
9062
9068
9088
9118
9175
9197
9199
9211
9218
9219
9224
9240
9258
9268
9269
9277
9282
9283
9285
9288
9316
9321
9327
9331
9337
9344
9348
9358
9364
9424
9440
9471
9521
9528
9542
9552
9556
9585
9586
9650
9651
9656
9665
9720
9725
9727
9807
9847
9863
9865
9870
9875
9890
9894
9902
9920
9938
9974
10022
10029
10069
10081
10093
10102
10109
10128
10134
10141
10152
10178
10181
10192
10197
10204
10211
10244
10254
10255
10256
10258
10272
10274
10282
10293
10301
10302
10311
10316
10322
10324
10332
10374
10392
10393
10404
10417
10427
10432
10459
10466
10487
10505
10532
10566
10581
10600
10606
10608
10609
10611
10614
10624
10633
10643
10645
10649
10659
10671
10676
10686
10691
10704
10707
10715
10720
10795
10799
10810
10817
10828
10829
10838
10848
10871
10914
10929
10952
10961
10962
10966
10980
10984
10985
10997
11016
11019
11029
11071
11078
11118
11120
11134
11149
11152
11153
11230
11365
11375
11389
11396
11397
11401
11423
11426
11430
11439
11440
11442
11446
11460
11470
11476
11483
11509
11518
11530
11578
11591
11592
11617
11647
11656
11671
11722
11808
11809
11840
11843
11849
11865
11867
11869
11872
11946
11970
12042
12068
12148
12149
12160
12212
12248
12265
12277
12292
12402
12430
12441
12443
12453
12462
12475
12482
12512
12524
12549
12552
12554
12555
12559
12561
12573
12574
12581
12601
12628
12652
12656
12671
12695
12703
12707
12719
12720
12721
12741
12742
12818
12820
12830
12839
12854
12861
12869
12885
12906
12963
12966
12986
13005
13010
13029
13064
13068
13091
13100
13105
13111
13119
13153
13163
13164
13171
13172
13176
13182
13184
13199
13203
13204
13207
13224
13236
13237
13238
13247
13292
13296
13332
13339
13346
13347
13350
13366
13374
13396
13400
13417
13435
13446
13507
13605
13607
13639
13645
13656
13657
13676
13689
13702
13707
13710
13734
13741
13746
13753
13756
13757
13765
13766
13769
13777
13794
13795
13802
13804
13811
13821
13825
13831
13856
13857
13858
13859
13868
13892
13900
13905
13916
13931
13934
13945
13949
13957
13970
13977
13998
14016
14034
14047
14051
14065
14070
14073
14085
14088
14091
14105
14111
14115
14120
14123
14127
14129
14138
14157
14170
14171
14174
14177
14180
14184
14203
14205
14207
14226
14238
14243
14259
14273
14274
14279
14284
14294
14295
14306
14319
14320
14321
14331
14334
14336
14353
14377
14378
14380
14383
14388
14432
14440
14441
14458
14468
14475
14490
14496
14567
14581
14599
14617
14622
14634
14673
14674
14685
14692
14697
14707
14716
14718
14720
14732
14734
14743
14758
14775
14780
14781
14784
14790
14809
14825
14839
14850
14857
14858
14863
14869
14870
14877
14879
14885
14891
14895
14912
14937
14956
14957
14970
14986
15007
15008
15024
15026
15028
15029
15045
15050
15060
15072
15085
15087
15109
15113
15127
15140
15173
15182
15196
15219
15237
15245
15247
15249
15251
15254
15269
15273
15279
15281
15286
15287
15290
15295
15296
15297
15298
15302
15304
15312
15314
15315
15316
15318
15319
15323
15326
15330
15345
15346
15353
15358
15359
15361
15387
15406
15410
15412
15416
15423
15425
15432
15433
15434
15436
15437
15460
15462
15466
15469
15470
15473
15490
15492
15498
15501
15515
15518
15550
15554
15558
15560
15563
15572
15585
15608
15610
15624
15641
15661
15671
15675
15694
15713
15721
15743
15744
15751
15780
15782
15798
15815
15825
15828
15834
15838
15854
15863
15866
15876
15883
15890
15901
15907
15909
15934
15973
15982
15991
16015
16033
16038
16055
16056
16059
16083
16091
16093
16101
16124
16126
16140
16155
16166
16187
16195
16203
16216
16217
16221
16223
16224
16228
16229
16233
16236
16245
16247
16255
16261
16276
16281
16283
16285
16290
16294
16299
16304
16308
16313
16317
16335
16342
16344
16353
16354
16357
16365
16377
16380
16386
16387
16388
16396
16399
16403
16404
16408
16413
16414
16419
16468
16477
16526
16529
16535
16541
16558
16561
16578
16587
16599
16605
16608
16615
16626
16641
16657
16658
16672
16675
16676
16680
16681
16685
16691
16702
16709
16712
16716
16728
16730
16737
16748
16765
16767
16786
16788
16821
16828
16832
16835
16848
16849
16860
16864
16874
16880
16889
16894
16932
16948
16955
16956
16960
16962
16966
17033
17047
17052
17070
17093
17106
17126
17137
17139
17145
17147
17159
17187
17189
17193
17203
17231
17232
17234
17262
17265
17268
17274
17277
17289
17290
17293
17295
17301
17307
17314
17317
17321
17335
17338
17341
17343
17345
17362
17375
17376
17377
17382
17395
17397
17402
17408
17416
17439
17446
17452
17454
17456
17459
17465
17475
17491
17543
17551
17552
17554
17574
17577
17612
17629
17642
17645
17652
17675
17691
17708
17710
17721
17749
17758
17765
17781
17788
17794
17826
17830
17832
17834
17845
17856
17858
17866
17869
17886
17921
17950
17957
17959
17966
17969
17974
17989
17990
17997
18004
18012
18017
18052
18057
18059
18061
18063
18078
18098
18103
18115
18116
18118
18136
18137
18142
18143
18154
18168
18172
18177
18182
18183
18193
18194
18204
18210
18232
18236
18237
18238
18243
18244
18245
18276
18282
18302
18307
18316
18341
18355
18367
18370
18374
18375
18376
18402
18406
18410
18424
18425
18430
18437
18445
18471
18477
18479
18480
18486
18488
18490
18496
18499
18515
18522
18523
18533
18534
18535
18536
18541
18556
18560
18571
18577
18581
18583
18585
18588
18594
18610
18617
18625
18627
18642
18644
18652
18679
18680
18685
18689
18690
18698
18707
18708
18731
18733
18734
18751
18761
18764
18772
18790
18797
18798
18803
18804
18807
18826
18829
18843
18849
18856
18866
18874
18877
18885
18890
18896
18918
18919
18930
18931
18933
18950
18953
18953
18974
18981
18989
19007
19008
19016
19031
19037
19039
19048
19075
19092
19097
19115
19119
19122
19124
19129
19130
19158
19174
19176
19177
19179
19180
19184
19188
19192
19198
19201
19203
19208
19243
19246
19247
19253
19261
19284
19285
19289
19292
19302
19320
19323
19325
19327
19328
19331
19343
19347
19348
19352
19357
19363
19367
19377
19391
19393
19397
19398
19416
19422
19426
19429
19434
19439
19440
19450
19454
19457
19461
19463
19465
19475
19477
19479
19491
19496
19497
19503
19505
19528
19532
19554
19560
19569
19571
19591
19611
19621
19643
19646
19668
19669
19687
19698
19702
19720
19726
19729
19730
19746
19747
19748
19754
19774
19783
19787
19802
19803
19816
19819
19827
19831
19849
19857
19858
19875
19923
19944
19945
19982
19988
19991
19999
20030
20036
20043
20054
20068
20072
20074
20077
20082
20123
20126
20136
20138
20148
20150
20171
20173
20182
20194
20196
20204
20206
20216
20236
20238
20256
20260
20262
20267
20270
20277
20279
20286
20291
20309
20317
20320
20322
20334
20356
20371
20383
20390
20424
20436
20438
20446
20467
20469
20472
20477
20485
20497
20503
20504
20522
20523
20546
20556
20563
20571
20574
20576
20578
20586
20589
20596
20603
20610
20643
20644
20654
20668
20669
20674
20688
20719
20725
20726
20737
20757
20759
20765
20774
20778
20788
20789
20802
20804
20819
20832
20842
20843
20845
20848
20862
20869
20895
20898
20910
20918
20922
20932
20934
20944
20945
20946
20948
20951
20952
20954
20957
20959
20963
20990
21003
21008
21010
21016
21023
21026
21032
21035
21045
21062
21066
21068
21072
21077
21078
21084
21087
21093
21097
21120
21129
21134
21137
21139
21145
21146
21158
21167
21189
21192
21194
21199
21203
21204
21208
21216
21219
21224
21232
21239
21245
21248
21258
21271
21273
21280
21308
21323
21351
21354
21359
21361
21365
21369
21381
21384
21394
21397
21424
21431
21432
21434
21446
21453
21457
21468
21469
21486
21488
21493
21497
21502
21505
21510
21524
21528
21536
21542
21553
21568
21578
21590
21629
21640
21646
21648
21655
21660
21664
21666
21713
21723
21729
21738
21741
21743
21745
21751
21758
21764
21775
21797
21799
21804
21815
21823
21825
21833
21834
21853
21858
21863
21894
21895
21907
21910
21912
21923
21937
21941
21945
21947
21955
21956
21959
21961
21970
21978
21985
21992
22018
22019
22023
22032
22049
22050
22058
22061
22063
22069
22082
22085
22088
22096
22114
22128
22141
22146
22157
22169
22188
22191
22212
22216
22224
22226
22274
22278
22282
22283
22308
22314
22322
22335
22346
22347
22349
22362
22368
22379
22383
22384
22392
22399
22404
22408
22420
22435
22440
22448
294
3175
3816
3830
3859
3872
6749
6824
7278
8565
8569
8659
8698
9422
12645
12915
12936
12972
13022
406
462
625
720
740
667
1482
2622
4743
6006
6532
6616
6746
6753
6771
6774
6776
6784
6875
6904
6965
7034
7036
7415
7480
7674
7681
7787
7858
8145
8348
8470
8492
8805
8906
8938
9087
9216
9344
9381
9492
9565
9606
10028
10047
10126
10809
10886
11019
11654
11804
11998
12870
13029
13241
13400
13438
14044
14068
14279
14306
14505
14604
14708
14926
14931
15170
15231
15263
15723
15771
16210
16397
19408